-1.000007338041609578e-08
-1.000007825755843680e-08
-1.000007153275167522e-08
-1.000008171806217502e-08
-1.000007566934983109e-08
-1.000007484817239746e-08
-1.000007864877410143e-08
-1.000007785293243406e-08
-1.000006927745787161e-08
-1.000007070447119535e-08
-1.000006974735680898e-08
-1.000007283505305422e-08
-1.000006919698721376e-08
-1.000006437043227769e-08
-1.000008592471429832e-08
-1.000009510819625716e-08
-1.000010037737725623e-08
-1.000010232119466162e-08
-1.000010192693110114e-08
-1.000011104452341422e-08
-1.000011291014453787e-08
-1.000011063103287089e-08
-1.000011787952022704e-08
-1.000011871413649350e-08
-1.000011029984082792e-08
-1.000011032648372484e-08
-1.000009377269548465e-08
-1.000010388678721602e-08
-1.000011757102338468e-08
-1.000012119436522661e-08
-1.000011743574378576e-08
-1.000011657955199367e-08
-1.000011512038677660e-08
-1.000009944573582073e-08
-1.000009765668652183e-08
-1.000009602782605409e-08
-1.000007890483723531e-08
-1.000006336456900943e-08
-1.000006256724019209e-08
-1.000005342077423149e-08
