3.442175420229335714e+01
3.194086183992027728e+01
3.077987166292573562e+01
3.035073598006210815e+01
3.043644262666726874e+01
3.061205519698561872e+01
3.083127486402029049e+01
3.032861962693668190e+01
3.062707630312926099e+01
3.096422548384855489e+01
3.089325730447745144e+01
3.093824444547769659e+01
3.098343235250231587e+01
3.114646127314459889e+01
3.120541912408162233e+01
3.137314090237007136e+01
3.157019372675739177e+01
3.172345943163160698e+01
3.181035763022878982e+01
3.205848164723193605e+01
3.236600751350193406e+01
3.258914760137333388e+01
3.279221700766101577e+01
3.294029291814435823e+01
3.304748625173883880e+01
3.326741688103984984e+01
3.357669021854431435e+01
3.389915111117586122e+01
3.412232863928635851e+01
3.436103091999183334e+01
3.454912429183577416e+01
3.471868993119871760e+01
3.482076436563145450e+01
3.484462538931606446e+01
3.479346497773205726e+01
3.458814860925273393e+01
3.416527985514376553e+01
3.399488053219233308e+01
3.357473136324032481e+01
3.157719748973616802e+01
